Consolidated PL
1127
1100
1105
1146
1156
1107
1157
1158
1166
1180
1184
1186
1197
1203
1204
1211
1213
1214
1218
1223
1110
1225
1226
1229
1233
1234
1240
1113
1248
1253
1257
1258
1265
1114
1145
1275
1279
1416
1421
1423
1425
1426
1428
1429
1430
1432
1433
1436
1437
1438
1439
1440
1442
1445
1449
1451
1452
1455
1463
1471
1473
1475
1476
1477
1478
1480
1481
1483
1484
1485
1487
1488
1491
1495
1500
1501
1505
1506
1507
1508
1509
1521
1525
1563
1578
1650
1651
1652
1654
1656
1657
1658
1659
1661
1579
1627
1589
1623
1646
1647
1640
1112
5011637
5123296
5123742
4007430
1722
1724
1725
1726
1731
1732
1733
1734
1738
1739
1740
1742
1754
1757
1758
1771
1774
1780
1784
1785
1788
1511
1512
1948
1448
4011702
5013796
5018849
5011407
5015073
5011308
5123531
1642
1638
1104
1104A
1643
1106
1109
1645
1111
1648
1649
1653
1801
1802
2082
2091
2088
2089
2083
2084
2085
2090
2081
2086
2087
1554
1520
1472
1571
1298
1295
1196
1292
1176
1441
1522
1494
1489
1518
1249

1296
1137
1208
1155
1569
1235
1281
1503
1482
1135
1205
1241
1499
1462
1555
1559
1575
2092
1558
1601
1125
1256
1568